9.999999999999998890e-01 9.043684157670184968e-12 2.326809010075899973e-11 1.110223024625156540e-16 9.043683238220252113e-12 9.999999999999998890e-01 2.392369995051007534e-10 2.220446049250313081e-16 2.326810010709919303e-11 2.392369993528426003e-10 9.999999000000000526e-01 -1.665334536937734811e-16
9.990498000000000989e-01 -1.649780000000002382e-03 4.355193999999999038e-02 5.154655999999999821e-02 1.760422999999996423e-03 9.999952999999998093e-01 -2.502237000000001339e-03 -2.424883000000000594e-02 -4.354759999999999187e-02 2.576528999999999712e-03 9.990480000000000471e-01 1.000725000000000309e+00
9.960494999999999211e-01 -5.367948999999998597e-03 8.863830999999998406e-02 1.464632000000000156e-01 6.010223999999996305e-03 9.999574999999998326e-01 -6.980717999999997737e-03 -5.051622000000000057e-02 -8.859707000000001387e-02 7.485875000000000341e-03 9.960393999999997972e-01 1.995659000000000072e+00
9.909270999999999496e-01 -5.886877999999997300e-03 1.342721000000000053e-01 2.879204000000000208e-01 7.448177999999997141e-03 9.999102999999999186e-01 -1.112851999999999765e-02 -7.903059000000001166e-02 -1.341945999999999695e-01 1.202762999999999576e-02 9.908819999999999295e-01 2.986690999999999985e+00
9.836222000000001131e-01 -3.565065999999997379e-03 1.802072000000000118e-01 4.657503000000000615e-01 6.172883999999999143e-03 9.998841000000000534e-01 -1.391249999999999779e-02 -1.102927999999999686e-01 -1.801368000000000136e-01 1.479703999999999568e-02 9.835302000000000211e-01 3.963845000000000063e+00
9.740479000000000775e-01 -6.173618999999999114e-03 2.262578999999999840e-01 6.971644999999999648e-01 9.486834999999995549e-03 9.998629999999998352e-01 -1.355911999999999916e-02 -1.438769999999999771e-01 -2.261432000000000164e-01 1.535369999999999964e-02 9.739729999999999777e-01 4.934638999999998887e+00
9.624212000000000877e-01 -7.368624999999997573e-03 2.714613000000000165e-01 9.715688999999998465e-01 1.164014999999999495e-02 9.998323999999998435e-01 -1.412846999999999888e-02 -1.802236999999999867e-01 -2.713116999999999335e-01 1.675739000000000048e-02 9.623456000000000232e-01 5.887650999999999968e+00
9.488374000000000530e-01 -9.693544000000001853e-03 3.156163999999999636e-01 1.288078999999999752e+00 1.587616000000000027e-02 9.997289999999999788e-01 -1.702375999999999542e-02 -2.184876999999999792e-01 -3.153657999999998629e-01 2.116354999999999972e-02 9.487340999999999136e-01 6.826201999999998549e+00
9.336201999999999002e-01 -1.263856999999999828e-02 3.580414999999999570e-01 1.651330999999999882e+00 2.080461000000000116e-02 9.996036999999999839e-01 -1.896441000000000099e-02 -2.547289999999999832e-01 -3.576598999999999196e-01 2.515446000000000001e-02 9.335130000000000372e-01 7.743951999999999281e+00
9.161944999999999117e-01 -1.228394000000000014e-02 4.005455999999999461e-01 2.050498000000000598e+00 2.177648000000000084e-02 9.995792999999999484e-01 -1.915566999999999617e-02 -2.919527999999999568e-01 -4.001416999999999335e-01 2.627277999999999905e-02 9.160764999999998492e-01 8.646240000000000592e+00
8.965559000000000722e-01 -1.307764999999999969e-02 4.427375999999999534e-01 2.488685000000000258e+00 2.341789999999999150e-02 9.995654999999998847e-01 -1.789658999999999694e-02 -3.309236999999999318e-01 -4.423112000000000155e-01 2.641327999999999732e-02 8.964724999999996724e-01 9.527391999999998973e+00
8.745112999999999914e-01 -1.351428999999999998e-02 4.848167999999998812e-01 2.966292000000000595e+00 2.447753999999999555e-02 9.995676000000000005e-01 -1.628952999999999998e-02 -3.697384999999999700e-01 -4.843869999999999010e-01 2.611248999999999515e-02 8.744640000000000191e-01 1.038416999999999746e+01
8.503690999999999889e-01 -1.348161999999999625e-02 5.260139000000001452e-01 3.483067999999999831e+00 2.517722999999999489e-02 9.995691999999998245e-01 -1.508348000000000327e-02 -4.086030999999999969e-01 -5.255838999999997707e-01 2.607009999999999189e-02 8.503421999999999370e-01 1.121560000000000201e+01
8.245428999999998565e-01 -1.401100000000000088e-02 5.656259999999998511e-01 4.036690000000001000e+00 2.696390000000000592e-02 9.995304999999998774e-01 -1.454754999999999764e-02 -4.439735000000000209e-01 -5.651566000000001200e-01 2.724655999999999606e-02 8.245335999999998666e-01 1.201877999999999780e+01
7.970302000000000220e-01 -1.619332999999999537e-02 6.037224000000001034e-01 4.631439000000001194e+00 3.126103999999999689e-02 9.994066000000000338e-01 -1.446406000000000081e-02 -4.790226999999999125e-01 -6.031298999999999966e-01 3.040127999999999928e-02 7.970633999999999775e-01 1.279006000000000043e+01
7.681510999999998646e-01 -1.510444999999999496e-02 6.400903999999999483e-01 5.252124000000000237e+00 3.186801999999998997e-02 9.993844999999998979e-01 -1.466089999999999928e-02 -5.136186000000000362e-01 -6.394750000000000156e-01 3.166019999999999252e-02 7.681596999999998898e-01 1.353057999999999872e+01
7.374230000000001617e-01 -1.831696999999999145e-02 6.751827999999998609e-01 5.913460999999999856e+00 3.718618999999999397e-02 9.992170999999998582e-01 -1.350644999999999797e-02 -5.462713000000000152e-01 -6.744066999999999146e-01 3.506742999999999666e-02 7.375268000000000379e-01 1.423731000000000080e+01
7.051665999999999768e-01 -1.811308999999999836e-02 7.088102999999998932e-01 6.602643000000000484e+00 3.829942999999999542e-02 9.991871999999999421e-01 -1.256910999999999445e-02 -5.777428999999998371e-01 -7.080064999999999831e-01 3.601032999999999318e-02 7.052870999999998336e-01 1.491215999999999653e+01
6.706801000000000013e-01 -1.682163999999999535e-02 7.415559999999999929e-01 7.315983000000000125e+00 3.848398000000000096e-02 9.991853999999998903e-01 -1.214000999999999796e-02 -6.091555999999999083e-01 -7.407477999999999563e-01 3.668007999999998991e-02 6.707810999999999080e-01 1.555482999999999905e+01
6.350649000000000433e-01 -1.784306000000000086e-02 7.722527999999999615e-01 8.059653999999998319e+00 4.358563000000000021e-02 9.989681999999998618e-01 -1.276143000000000069e-02 -6.362919999999998577e-01 -7.712281999999999194e-01 4.176344999999999363e-02 6.351871999999999518e-01 1.615500000000000114e+01
5.983914999999999651e-01 -1.631634000000000209e-02 8.010376999999997416e-01 8.824946999999999875e+00 4.435618000000000893e-02 9.989339000000000413e-01 -1.278767999999999919e-02 -6.652782999999999891e-01 -7.999751000000000500e-01 4.318298999999999749e-02 5.984772999999998788e-01 1.672174000000000049e+01
5.606381999999998644e-01 -1.560418999999999522e-02 8.279138999999998694e-01 9.617498999999998688e+00 4.722423999999999372e-02 9.987977000000000105e-01 -1.315387999999999800e-02 -6.938755000000000894e-01 -8.267131999999999259e-01 4.647215999999998459e-02 5.607010000000000050e-01 1.724834999999999852e+01
5.217302999999999802e-01 -1.415458999999999815e-02 8.529930999999999486e-01 1.043571999999999989e+01 5.299063999999999858e-02 9.984692999999996710e-01 -1.584291000000000171e-02 -7.209801999999998490e-01 -8.514630999999998062e-01 5.346635999999999750e-02 5.216817000000000260e-01 1.773582000000000392e+01
4.824022999999998951e-01 -1.314332999999999474e-02 8.758511999999999409e-01 1.127338999999999913e+01 5.466342999999999896e-02 9.983901999999997834e-01 -1.512539000000000071e-02 -7.448949000000000265e-01 -8.742424999999999224e-01 5.517354000000000008e-02 4.823440999999999423e-01 1.818861000000000061e+01
4.437519999999999798e-01 -1.483489999999999462e-02 8.960268999999998485e-01 1.213843999999999923e+01 5.962891999999998804e-02 9.981358999999998538e-01 -1.300543000000000012e-02 -7.707228000000000412e-01 -8.941635999999998363e-01 5.920027999999999402e-02 4.438093999999999650e-01 1.860540999999999912e+01
4.063320999999999739e-01 -1.567328999999999598e-02 9.135910999999998783e-01 1.302385999999999910e+01 6.333168000000000131e-02 9.979313999999999130e-01 -1.104743000000000044e-02 -7.968986999999998488e-01 -9.115279999999998939e-01 6.234816999999999443e-02 4.064840999999999593e-01 1.898486000000000118e+01
3.705969000000000069e-01 -1.336462000000000240e-02 9.286976999999998483e-01 1.392281999999999975e+01 6.549873000000000500e-02 9.977830999999999229e-01 -1.177845999999999754e-02 -8.194982999999999018e-01 -9.264814000000000105e-01 6.519355999999999762e-02 3.706505999999999967e-01 1.933529000000000053e+01
3.367103999999999653e-01 -1.369924000000000315e-02 9.415086000000000288e-01 1.484567000000000014e+01 6.695770000000000888e-02 9.977111999999999092e-01 -9.428980999999997739e-03 -8.398216999999998933e-01 -9.392245000000000177e-01 6.621606999999998799e-02 3.368569999999999620e-01 1.965558000000000405e+01
3.032100999999999824e-01 -1.606371999999999661e-02 9.527883999999998688e-01 1.578819000000000017e+01 6.893784000000000023e-02 9.976078000000000445e-01 -5.119036000000002154e-03 -8.590109999999999690e-01 -9.504268000000000161e-01 6.723529999999998397e-02 3.035921000000000314e-01 1.994857999999999620e+01
2.700383000000000089e-01 -1.584083999999999839e-02 9.627192999999998335e-01 1.674608999999999526e+01 6.970552000000000692e-02 9.975627000000000244e-01 -3.137907000000000109e-03 -8.779579000000000688e-01 -9.603230999999997630e-01 6.795418999999999765e-02 2.704842999999998443e-01 2.020958999999999861e+01
2.373841000000000145e-01 -1.301040000000000009e-02 9.713287999999998812e-01 1.771096000000000004e+01 6.752449999999998731e-02 9.977126999999998969e-01 -3.138590999999999170e-03 -8.926427999999998475e-01 -9.690661000000001524e-01 6.633351999999999304e-02 2.377195999999999754e-01 2.044290000000000163e+01
2.058013000000000203e-01 -1.089048999999999573e-02 9.785331999999998809e-01 1.869073999999999813e+01 6.752572999999999215e-02 9.977126999999998969e-01 -3.097800999999999420e-03 -9.066815999999997544e-01 -9.762611999999999401e-01 6.671367999999998355e-02 2.060659999999999437e-01 2.064544000000000068e+01
1.748760000000000592e-01 -1.056613999999999991e-02 9.845337999999999035e-01 1.969165999999999883e+01 6.930052999999999908e-02 9.975944999999999396e-01 -1.603073999999998821e-03 -9.204752000000001599e-01 -9.821484999999998688e-01 6.850902999999999854e-02 1.751875999999999711e-01 2.081649000000000171e+01
1.440159000000000300e-01 -1.095259999999999810e-02 9.895148000000000277e-01 2.070871999999999602e+01 7.093837000000001447e-02 9.974803999999999338e-01 7.162509999999978286e-04 -9.323173999999999628e-01 -9.870293999999997236e-01 7.009139999999999815e-02 1.444299999999999751e-01 2.095889999999999986e+01
1.132279999999999953e-01 -1.188899000000000379e-02 9.934978999999999338e-01 2.174156999999999584e+01 6.960631999999999930e-02 9.975664999999999116e-01 4.004713999999999496e-03 -9.423524999999999263e-01 -9.911277999999998922e-01 6.870026999999999384e-02 1.137799999999999784e-01 2.107450000000000401e+01
8.347506000000000370e-02 -1.182121000000000040e-02 9.964398000000000977e-01 2.279075999999999880e+01 7.016375000000001083e-02 9.975176999999999516e-01 5.956142999999997079e-03 -9.484050000000003866e-01 -9.940366999999997732e-01 6.941673999999999067e-02 8.409725999999999313e-02 2.116118000000000521e+01
5.575868999999999964e-02 -1.119486999999999913e-02 9.983814999999999218e-01 2.385364999999999824e+01 7.276065999999999090e-02 9.973239999999997663e-01 7.119388999999999405e-03 -9.510469999999999757e-01 -9.957894999999998831e-01 7.224590999999998264e-02 5.642401999999999140e-02 2.121467999999999776e+01
3.022404999999999536e-02 -1.055358999999999811e-02 9.994874999999997511e-01 2.493111999999999995e+01 7.695768000000000053e-02 9.970006000000000146e-01 8.200161999999996953e-03 -9.519264999999998977e-01 -9.965760999999998537e-01 7.667037999999998243e-02 3.094557999999998990e-02 2.124069000000000429e+01
7.200763999999999256e-03 -1.011089000000000085e-02 9.999229999999998952e-01 2.602347999999999928e+01 8.125249999999999140e-02 9.966482999999997094e-01 9.492646999999998156e-03 -9.509505999999998682e-01 -9.966675000000001505e-01 8.117786999999998532e-02 7.998164999999999789e-03 2.124026999999999887e+01
-1.358779999999999884e-02 -9.968576999999995830e-03 9.998579999999999135e-01 2.712722999999999729e+01 8.719663999999999193e-02 9.961290999999998785e-01 1.111636999999999868e-02 -9.489508000000000942e-01 -9.960984000000001615e-01 8.733527999999998737e-02 -1.266597000000000209e-02 2.121564000000000050e+01
-3.162964000000000053e-02 -1.065186000000000084e-02 9.994428999999998009e-01 2.824249000000000009e+01 9.165357000000000365e-02 9.956991999999997844e-01 1.351253999999999997e-02 -9.456288000000002691e-01 -9.952885000000000204e-01 9.202988999999998920e-02 -3.051731999999999362e-02 2.116968999999999923e+01
-4.749040999999999679e-02 -1.030236999999999993e-02 9.988185999999998899e-01 2.937021999999999977e+01 9.488928000000000640e-02 9.953780999999998214e-01 1.477853999999999626e-02 -9.414386000000001253e-01 -9.943543999999997496e-01 9.547899999999998055e-02 -4.629332999999999365e-02 2.110741000000000156e+01
-6.213431999999999983e-02 -1.086216999999999912e-02 9.980086999999998598e-01 3.050291000000000352e+01 9.737472999999999268e-02 9.951043999999998890e-01 1.689293999999999518e-02 -9.363593999999999529e-01 -9.933062999999998643e-01 9.823043999999998832e-02 -6.077242999999999534e-02 2.102959999999999852e+01
-7.560867999999999756e-02 -1.193509000000000063e-02 9.970661999999999026e-01 3.164196000000000453e+01 9.751630999999998106e-02 9.950465999999998923e-01 1.930568999999999688e-02 -9.296867999999999244e-01 -9.923577000000000092e-01 9.868986999999998511e-02 -7.407028999999999697e-02 2.093984000000000378e+01
-8.805539000000001115e-02 -1.198808999999999812e-02 9.960434999999997485e-01 3.278682000000000585e+01 9.729037000000000102e-02 9.950432999999999639e-01 2.057701999999999795e-02 -9.216773000000001437e-01 -9.913529999999999287e-01 9.871733000000000591e-02 -8.645258999999999583e-02 2.083696000000000126e+01
-9.947788000000000463e-02 -9.193596000000001794e-03 9.949972999999998624e-01 3.394232000000000937e+01 9.735337999999998937e-02 9.950698999999998406e-01 1.892745999999999665e-02 -9.117462000000000621e-01 -9.902657999999997518e-01 9.874919999999998144e-02 -9.809239999999998239e-02 2.071859000000000250e+01
-1.097966999999999971e-01 -5.360682000000000294e-03 9.939396000000000342e-01 3.511473000000000155e+01 9.798070999999999864e-02 9.950565999999997358e-01 1.619025999999999799e-02 -9.007200999999999125e-01 -9.891128999999998506e-01 9.916452999999997298e-02 -1.087286999999999698e-01 2.058532999999999902e+01
-1.194554000000000032e-01 -2.512058999999999646e-03 9.928364000000000633e-01 3.630912000000000006e+01 9.905113999999999586e-02 9.949776000000001286e-01 1.443503999999999794e-02 -8.891584000000001264e-01 -9.878862000000001586e-01 1.000658999999999854e-01 -1.186065999999999787e-01 2.043697999999999482e+01
-1.270884999999999931e-01 -1.278670000000001064e-03 9.918906000000000667e-01 3.752680000000000149e+01 9.888956999999998221e-02 9.950005999999997908e-01 1.395314999999999576e-02 -8.781567999999999596e-01 -9.869494999999999241e-01 9.986090000000000244e-02 -1.263266000000000111e-01 2.027890000000000015e+01
-1.329871000000000525e-01 -7.149780999999988526e-04 9.911174999999998736e-01 3.876733000000000118e+01 9.839198000000001776e-02 9.950503999999998905e-01 1.391993999999999697e-02 -8.670198999999999545e-01 -9.862218000000000373e-01 9.936916999999999278e-02 -1.322584999999999733e-01 2.011084999999999923e+01
-1.381591000000000069e-01 8.940046999999988302e-04 9.904097000000000595e-01 4.002403000000001043e+01 9.941083000000001946e-02 9.949618999999998437e-01 1.296937999999999737e-02 -8.564479000000000397e-01 -9.854082999999999037e-01 1.002492999999999995e-01 -1.375518999999999770e-01 1.993252999999999986e+01
-1.426852000000000398e-01 2.815812999999998175e-03 9.897641999999999829e-01 4.130550000000000210e+01 9.869169999999997944e-02 9.950527999999998485e-01 1.139661000000000146e-02 -8.460362000000001270e-01 -9.848353999999999164e-01 9.930760999999999061e-02 -1.422570999999999697e-01 1.974647999999999470e+01
-1.468253000000000197e-01 3.917605999999997091e-03 9.891547000000000534e-01 4.260679000000000372e+01 9.897321999999998676e-02 9.950319999999998055e-01 1.075020999999999789e-02 -8.375479999999999592e-01 -9.841983999999999178e-01 9.947819999999997498e-02 -1.464835999999999916e-01 1.955064999999999742e+01
-1.499193000000000331e-01 3.009371999999998874e-03 9.886937000000000086e-01 4.393278000000000105e+01 9.873932000000001930e-02 9.950415999999997485e-01 1.194350999999999920e-02 -8.295496000000001091e-01 -9.837553999999999466e-01 9.941347999999998464e-02 -1.494730999999999421e-01 1.934786000000000428e+01
-1.522300000000000042e-01 5.817954000000004301e-04 9.883449999999999180e-01 4.528137000000000967e+01 9.933370999999997786e-02 9.949453999999999798e-01 1.471420000000000020e-02 -8.187902999999999709e-01 -9.833405999999998981e-01 1.004159000000000301e-01 -1.515182999999999669e-01 1.913753000000000171e+01
-1.545075999999999949e-01 -3.897852999999990410e-04 9.879915999999998588e-01 4.664850000000000563e+01 9.937378000000000877e-02 9.949225999999999903e-01 1.593313999999998801e-02 -8.059921000000001001e-01 -9.829812999999999468e-01 1.006422000000000011e-01 -1.536842999999999959e-01 1.892230999999999597e+01
-1.565155000000000018e-01 3.425744000000018204e-04 9.876755000000000395e-01 4.803559000000000623e+01 1.016060999999999770e-01 9.946999000000000812e-01 1.575633999999999368e-02 -7.907530000000001502e-01 -9.824352999999999003e-01 1.028199000000000057e-01 -1.557207000000000174e-01 1.869943999999999917e+01
-1.575241000000000002e-01 8.739825000000028083e-04 9.875147999999999149e-01 4.944201000000000334e+01 1.013350999999999835e-01 9.947348999999999775e-01 1.528415999999999803e-02 -7.765930000000000888e-01 -9.823019999999998975e-01 1.024774999999999853e-01 -1.567832999999999311e-01 1.847317999999999927e+01
-1.580662000000000178e-01 1.736308000000000209e-03 9.874270000000000547e-01 5.087125000000000341e+01 1.033929999999999988e-01 9.945303999999999256e-01 1.480222999999999609e-02 -7.612088000000001298e-01 -9.820003999999997735e-01 1.044328000000000062e-01 -1.573811999999999989e-01 1.823994000000000071e+01
-1.581474999999999687e-01 2.246275999999999742e-03 9.874129999999998741e-01 5.231634000000000384e+01 1.029208999999999957e-01 9.945877999999997998e-01 1.422155999999999768e-02 -7.488661000000000900e-01 -9.820369999999999377e-01 1.038744999999999946e-01 -1.575226999999999600e-01 1.800570999999999700e+01
-1.576227000000000322e-01 3.491308000000000692e-03 9.874933000000000183e-01 5.378414000000000073e+01 1.029739999999999961e-01 9.946000999999998760e-01 1.292015999999999824e-02 -7.385593000000001407e-01 -9.821157999999998722e-01 1.037225999999999704e-01 -1.571310000000000207e-01 1.776821999999999946e+01
-1.564353000000000271e-01 3.535458000000002605e-03 9.876819000000000015e-01 5.527561000000000746e+01 1.033157999999999993e-01 9.945661999999999558e-01 1.280369000000000125e-02 -7.282464000000000715e-01 -9.822696999999998013e-01 1.040459999999999996e-01 -1.559504999999999364e-01 1.752864999999999895e+01
-1.549453000000000358e-01 2.303010999999998039e-03 9.879204000000000319e-01 5.678690000000000992e+01 1.024081000000000019e-01 9.946474999999999067e-01 1.374296999999999672e-02 -7.193216000000001165e-01 -9.826008999999998883e-01 1.033004000000000006e-01 -1.543517999999999835e-01 1.728947000000000145e+01
-1.538084000000000118e-01 3.054216000000000222e-03 9.880959999999998633e-01 5.831970000000000454e+01 1.033842999999999984e-01 9.945562999999998377e-01 1.301875000000000081e-02 -7.090229000000001225e-01 -9.826772999999999758e-01 1.041559999999999708e-01 -1.532868999999999760e-01 1.704698000000000135e+01
-1.525997000000000325e-01 3.933833999999999768e-03 9.882802999999998894e-01 5.987004000000000303e+01 1.033113999999999838e-01 9.945766999999999802e-01 1.199333999999999817e-02 -6.982294000000001111e-01 -9.828732999999999498e-01 1.039307999999999899e-01 -1.521784999999999666e-01 1.680555000000000021e+01
-1.516316000000000330e-01 4.600353999999998340e-03 9.884263999999999273e-01 6.144932000000000727e+01 1.043178999999999773e-01 9.944788999999997214e-01 1.137457999999999698e-02 -6.898537999999998505e-01 -9.829168999999999823e-01 1.048353000000000063e-01 -1.512743999999999756e-01 1.656008999999999176e+01
-1.505876000000000159e-01 4.530983999999999186e-03 9.885863000000000289e-01 6.304563999999999169e+01 1.038797999999999666e-01 9.945259999999999101e-01 1.126539999999999660e-02 -6.822340000000000071e-01 -9.831237000000000448e-01 1.043906000000000139e-01 -1.502339000000000035e-01 1.631483000000000416e+01
-1.496365000000000056e-01 2.801779000000000335e-03 9.887371000000000354e-01 6.466145999999999106e+01 1.056380999999999848e-01 9.943174000000000179e-01 1.316977999999999552e-02 -6.742945000000000189e-01 -9.830816000000001109e-01 1.064189999999999997e-01 -1.490820999999999674e-01 1.606555000000000533e+01
-1.489502000000000048e-01 1.053387999999998419e-03 9.888441999999999510e-01 6.629273000000000593e+01 1.069190000000000002e-01 9.941538999999999238e-01 1.504622999999999898e-02 -6.659320000000001905e-01 -9.830472999999998462e-01 1.079674000000000050e-01 -1.481920999999999655e-01 1.581428999999999618e+01
-1.481741000000000308e-01 1.587222999999998501e-03 9.889599999999999502e-01 6.793357999999999208e+01 1.084502999999999995e-01 9.939937999999999274e-01 1.465360999999999400e-02 -6.566594999999998405e-01 -9.829968999999999513e-01 1.094242999999999882e-01 -1.474562999999999846e-01 1.556429000000000151e+01
-1.471094000000000013e-01 3.907489000000000101e-03 9.891124999999998391e-01 6.959145999999999788e+01 1.108430999999999722e-01 9.937584999999998780e-01 1.255970000000000003e-02 -6.495479000000000669e-01 -9.828898999999998720e-01 1.114839999999999998e-01 -1.466242999999999852e-01 1.531065000000000076e+01
-1.464650000000000396e-01 3.603548000000000254e-03 9.892092999999999581e-01 7.126348000000001548e+01 1.101154000000000022e-01 9.938378999999999408e-01 1.268355999999999650e-02 -6.455501000000000156e-01 -9.830679000000001055e-01 1.107847999999999888e-01 -1.459591999999999834e-01 1.506047999999999654e+01
-1.462603999999999849e-01 3.233249999999999579e-03 9.892408999999999786e-01 7.294956999999999425e+01 1.105104999999999837e-01 9.937886999999998583e-01 1.309098999999999680e-02 -6.411508999999998570e-01 -9.830539999999998724e-01 1.112361999999999795e-01 -1.457092000000000109e-01 1.480707999999999558e+01
-1.460361000000000020e-01 1.690015000000001091e-03 9.892777999999998739e-01 7.465679000000001508e+01 1.098325000000000135e-01 9.938441000000000081e-01 1.451552999999999524e-02 -6.351425000000001653e-01 -9.831634000000001317e-01 1.107746000000000008e-01 -1.453226999999999713e-01 1.455381999999999820e+01
-1.456358000000000374e-01 1.966691000000000446e-03 9.893362999999999463e-01 7.637582999999997924e+01 1.116861999999999716e-01 9.936382000000000270e-01 1.446556999999999704e-02 -6.266393000000001212e-01 -9.830138999999998850e-01 1.126019000000000048e-01 -1.449288999999999716e-01 1.429582999999999871e+01
-1.456203999999999832e-01 2.152570999999999391e-03 9.893381999999998344e-01 7.811207000000001699e+01 1.123678999999999789e-01 9.935625999999998514e-01 1.437761999999999721e-02 -6.192733000000001375e-01 -9.829384999999998263e-01 1.132634999999999892e-01 -1.449247999999999370e-01 1.403764999999999752e+01
-1.456043000000000198e-01 3.177492000000003980e-03 9.893377999999998229e-01 7.986416999999998723e+01 1.128566000000000152e-01 9.935207000000001454e-01 1.341855999999999778e-02 -6.121849000000000318e-01 -9.828848999999999503e-01 1.136070999999999748e-01 -1.450193999999999928e-01 1.377610999999999919e+01
-1.459369000000000083e-01 3.866772000000000091e-03 9.892864000000001212e-01 8.162656000000001200e+01 1.123298999999999825e-01 9.935899000000000258e-01 1.268700999999999683e-02 -6.069533000000002509e-01 -9.828959000000000445e-01 1.129778999999999922e-01 -1.454358000000000040e-01 1.351471000000000089e+01
-1.470604000000000355e-01 4.142622000000000318e-03 9.891188999999998011e-01 8.340315000000002499e+01 1.112116999999999967e-01 9.937196999999998726e-01 1.237284999999999427e-02 -6.037449000000001398e-01 -9.828556000000001625e-01 1.118210999999999927e-01 -1.465974999999999639e-01 1.324929999999999630e+01
-1.482340999999999798e-01 4.952492000000001046e-03 9.889398999999997608e-01 8.519377000000001487e+01 1.106077999999999922e-01 9.937963999999999132e-01 1.160239999999999709e-02 -6.018080000000001206e-01 -9.827473999999999377e-01 1.111043000000000031e-01 -1.478622999999999743e-01 1.297999999999999865e+01
-1.492423000000000222e-01 4.338052999999998834e-03 9.887912000000000923e-01 8.700537999999998817e+01 1.094670999999999977e-01 9.939160000000000217e-01 1.216176999999999883e-02 -5.994815999999999478e-01 -9.827226000000000017e-01 1.100551000000000168e-01 -1.488090999999999997e-01 1.270711000000000013e+01
-1.502285999999999899e-01 3.835818999999999427e-03 9.886439000000000199e-01 8.882747000000000526e+01 1.096198999999999923e-01 9.938910999999999163e-01 1.280100999999999462e-02 -5.948763000000001355e-01 -9.825551999999997399e-01 1.102980999999999961e-01 -1.497312999999999839e-01 1.242843000000000053e+01
-1.506723000000000090e-01 2.811838000000001399e-03 9.885798000000000085e-01 9.066661000000001991e+01 1.070118000000000041e-01 9.941662999999998362e-01 1.348223999999999603e-02 -5.892579000000002232e-01 -9.827747999999998374e-01 1.078210999999999892e-01 -1.500941999999999832e-01 1.214860999999999613e+01
-1.520677000000000278e-01 3.896025999999998182e-03 9.883623999999998633e-01 9.251613000000000397e+01 1.068060000000000120e-01 9.942010999999996157e-01 1.251393999999999423e-02 -5.822604000000001223e-01 -9.825821999999999612e-01 1.074659999999999782e-01 -1.516019999999999590e-01 1.186126999999999754e+01
-1.546859999999999902e-01 5.230308999999998959e-03 9.879499000000000475e-01 9.438416999999999746e+01 1.057141999999999943e-01 9.943324999999997305e-01 1.128785000000000031e-02 -5.761579999999999480e-01 -9.822914999999998731e-01 1.061863999999999864e-01 -1.543622000000000050e-01 1.156934999999999825e+01
-1.584947000000000439e-01 5.190444999999999261e-03 9.873461999999999517e-01 9.626376999999999384e+01 1.064536999999999983e-01 9.942468999999999335e-01 1.186185999999999838e-02 -5.690864999999999396e-01 -9.816042999999998742e-01 1.069867000000000040e-01 -1.581353999999999538e-01 1.126750999999999969e+01
-1.632049000000000416e-01 4.742999999999999820e-03 9.865807999999999245e-01 9.815387000000001194e+01 1.041818999999999940e-01 9.944802999999997617e-01 1.245327999999999886e-02 -5.670654000000001638e-01 -9.810759999999998371e-01 1.048162999999999873e-01 -1.627982000000000318e-01 1.095900999999999748e+01
-1.680723999999999829e-01 3.613140999999999835e-03 9.857681000000000360e-01 1.000527000000000157e+02 1.019228999999999968e-01 9.946974999999999012e-01 1.373187999999999492e-02 -5.652429000000001036e-01 -9.804914000000000129e-01 1.027802999999999772e-01 -1.675494999999999346e-01 1.063987999999999978e+01
-1.727781999999999651e-01 4.875199999999999673e-03 9.849486999999998993e-01 1.019552999999999940e+02 1.009595999999999966e-01 9.948082999999999787e-01 1.278617999999999769e-02 -5.641477000000000297e-01 -9.797727999999997772e-01 1.016491999999999951e-01 -1.723734000000000377e-01 1.030990999999999858e+01
-1.774521000000000015e-01 6.239531000000001285e-03 9.841096999999999761e-01 1.038697999999999837e+02 1.014657999999999671e-01 9.947667999999998401e-01 1.198893999999999307e-02 -5.624451999999999785e-01 -9.788847999999998883e-01 1.019808999999999993e-01 -1.771564999999999668e-01 9.966127999999997655e+00
-1.820545999999999831e-01 7.979442999999999259e-03 9.832561000000000773e-01 1.057910000000000110e+02 1.011782999999999849e-01 9.948111999999997845e-01 1.066041999999999858e-02 -5.643553000000001152e-01 -9.780689999999998552e-01 1.014248999999999845e-01 -1.819173000000000318e-01 9.611617999999999995e+00
-1.868758000000000641e-01 8.786951999999998916e-03 9.823442999999998371e-01 1.077248000000000161e+02 1.001206999999999930e-01 9.949234999999998497e-01 1.014693999999999666e-02 -5.687973000000000612e-01 -9.772681999999999203e-01 1.002491999999999828e-01 -1.868068999999999702e-01 9.246382000000000545e+00
-1.918873000000000106e-01 7.633131999999999071e-03 9.813872999999999625e-01 1.096682999999999879e+02 9.794173999999999936e-02 9.951266999999999197e-01 1.141020999999999702e-02 -5.717942000000000302e-01 -9.765175999999999856e-01 9.830822999999996870e-02 -1.916997000000000007e-01 8.871584999999997834e+00
-1.972643000000000313e-01 7.480826000000001183e-03 9.803217999999999099e-01 1.116205999999999818e+02 9.606301999999997121e-02 9.953060999999998604e-01 1.173501000000000231e-02 -5.733449000000000462e-01 -9.756323999999998442e-01 9.648754999999999138e-02 -1.970569999999999822e-01 8.486628999999997092e+00
-2.028929000000000149e-01 6.576712000000001050e-03 9.791789000000000742e-01 1.135815000000000055e+02 9.508164999999998979e-02 9.953843999999998360e-01 1.301603999999999609e-02 -5.728043000000000440e-01 -9.745736999999999872e-01 9.574278999999999429e-02 -2.025816999999999757e-01 8.086921000000000248e+00
-2.084031000000000078e-01 6.469212999999997098e-03 9.780216000000000465e-01 1.155478000000000094e+02 9.502286999999996764e-02 9.953812999999999134e-01 1.366404000000000056e-02 -5.705380000000002116e-01 -9.734159999999997259e-01 9.578202999999999023e-02 -2.080552999999999708e-01 7.674192999999998932e+00
-2.138450000000000073e-01 7.858297999999999672e-03 9.768360000000000376e-01 1.175181999999999931e+02 9.558616000000000335e-02 9.953372999999998694e-01 1.291820000000000121e-02 -5.680584000000000744e-01 -9.721798000000000384e-01 9.613446999999998577e-02 -2.135990999999999307e-01 7.246928999999998844e+00
-2.195382999999999918e-01 8.856305999999999554e-03 9.755637000000000336e-01 1.194963000000000193e+02 9.521901000000000670e-02 9.953791999999999085e-01 1.239163999999999544e-02 -5.658779000000003778e-01 -9.709459999999999757e-01 9.561263000000001788e-02 -2.193670999999999816e-01 6.808277999999999608e+00
-2.254576000000000080e-01 8.853205999999998882e-03 9.742127999999998789e-01 1.214860999999999933e+02 9.566881999999997388e-02 9.953270999999999091e-01 1.309511000000000182e-02 -5.645652000000003223e-01 -9.695443999999998619e-01 9.615415999999997465e-02 -2.252510000000000068e-01 6.351223999999998426e+00
-2.310452000000000339e-01 9.190854000000000038e-03 9.728995999999999755e-01 1.234817000000000036e+02 9.472619999999999651e-02 9.954171999999997800e-01 1.309208999999999720e-02 -5.636678000000001632e-01 -9.683207000000001452e-01 9.518392000000001907e-02 -2.308569999999999789e-01 5.883247999999999145e+00
-2.362092000000000080e-01 9.550857000000001137e-03 9.716552999999999995e-01 1.254793999999999983e+02 9.420288999999998358e-02 9.954665999999999793e-01 1.311578999999999696e-02 -5.607338000000002820e-01 -9.671250999999998488e-01 9.463079000000002017e-02 -2.360380999999999729e-01 5.403528999999998916e+00
-2.414041000000000381e-01 9.719217999999996485e-03 9.703760000000000163e-01 1.274889000000000294e+02 9.294889999999998709e-02 9.955839999999999135e-01 1.315153999999999282e-02 -5.591517000000002513e-01 -9.659629999999999050e-01 9.337019999999998654e-02 -2.412413999999999670e-01 4.911012999999998740e+00
-2.458159000000000316e-01 9.821942000000000172e-03 9.692667999999999839e-01 1.295004000000000133e+02 9.457505999999998858e-02 9.954206999999998251e-01 1.389821999999999412e-02 -5.556139000000002159e-01 -9.646917000000002629e-01 9.508484999999998466e-02 -2.456190999999999514e-01 4.402278999999998277e+00
-2.497010000000000340e-01 8.595703000000001412e-03 9.682848999999998929e-01 1.315232999999999777e+02 9.625854999999998440e-02 9.952278999999999431e-01 1.598822999999999564e-02 -5.494115000000000526e-01 -9.635266999999999582e-01 9.719795999999998604e-02 -2.493367999999998863e-01 3.880107000000000195e+00
-2.532928999999999875e-01 9.879225999999999633e-03 9.673391999999998436e-01 1.335486000000000217e+02 9.768543999999998451e-02 9.950978999999998686e-01 1.541571999999999908e-02 -5.427542000000002975e-01 -9.624449000000001586e-01 9.839962999999997406e-02 -2.530163000000000273e-01 3.348157999999999745e+00
-2.563418999999999559e-01 1.033139999999999926e-02 9.665309999999999180e-01 1.355836999999999932e+02 9.797856000000000620e-02 9.950700999999998464e-01 1.534925000000000005e-02 -5.360353999999999397e-01 -9.616074999999998374e-01 9.863394999999998414e-02 -2.560903999999999958e-01 2.806947000000000081e+00
-2.597614000000000312e-01 1.013190999999999918e-02 9.656196999999997477e-01 1.376250000000000000e+02 9.708426000000000555e-02 9.951526999999998901e-01 1.567484999999999712e-02 -5.295973000000000486e-01 -9.607801999999997511e-01 9.781816999999999596e-02 -2.594858999999999360e-01 2.257988999999999358e+00
-2.637026999999999566e-01 1.035061000000000141e-02 9.645484999999999198e-01 1.396796999999999969e+02 9.579548999999999703e-02 9.952801999999999483e-01 1.550959999999999665e-02 -5.224538000000001903e-01 -9.598354000000000052e-01 9.648929999999998619e-02 -2.634496000000000060e-01 1.699296000000000362e+00
-2.681714000000000042e-01 1.125920000000000046e-02 9.633055000000000367e-01 1.417304000000000030e+02 9.446871999999999214e-02 9.954197999999999658e-01 1.466426999999999835e-02 -5.179993000000003844e-01 -9.587281999999999194e-01 9.493474999999997055e-02 -2.680066999999999866e-01 1.132151999999999825e+00
-2.726488999999999163e-01 1.108767000000000259e-02 9.620496999999998966e-01 1.437926999999999680e+02 9.357614999999998295e-02 9.954984000000000055e-01 1.504668999999999625e-02 -5.127372999999999514e-01 -9.575521000000000171e-01 9.412735999999997938e-02 -2.724589999999998402e-01 5.515871999999999442e-01
-2.772300999999999793e-01 1.132108999999999720e-02 9.607368999999998938e-01 1.458618000000000166e+02 9.373712999999998796e-02 9.954790999999998391e-01 1.531827999999999662e-02 -5.061993000000004628e-01 -9.562199999999998479e-01 9.430339000000000083e-02 -2.770379000000000036e-01 -4.137210000000000887e-02
-2.817308000000000590e-01 1.185781999999999808e-02 9.594202999999998926e-01 1.479304999999999950e+02 9.322616999999999710e-02 9.955308999999998854e-01 1.507144999999999319e-02 -5.006247000000003666e-01 -9.549536999999999054e-01 9.368914000000000408e-02 -2.815771000000000246e-01 -6.449310999999998684e-01
-2.862852000000000174e-01 1.239652999999999762e-02 9.580642999999997578e-01 1.500067999999999984e+02 9.286515999999997439e-02 9.955676999999998333e-01 1.486782000000000034e-02 -4.959689000000000458e-01 -9.536335000000000228e-01 9.322721000000000480e-02 -2.861673999999999607e-01 -1.261107999999999674e+00
-2.904967000000000521e-01 1.139403999999999591e-02 9.568082000000001086e-01 1.520968000000000302e+02 9.253122000000002512e-02 9.955773999999998347e-01 1.623768999999999213e-02 -4.898301000000004346e-01 -9.523914999999999464e-01 9.325160999999998479e-02 -2.902661999999999742e-01 -1.892337999999999854e+00
-2.947360999999999454e-01 1.147143999999999595e-02 9.555099000000000231e-01 1.541812000000000182e+02 9.310740999999998768e-02 9.955147999999998110e-01 1.676812999999999915e-02 -4.829921000000001463e-01 -9.510317999999998717e-01 9.390719999999999623e-02 -2.944821999999999718e-01 -2.533182000000000045e+00
-2.986659999999999870e-01 1.208825000000000004e-02 9.542811999999999406e-01 1.562752999999999588e+02 9.410158999999998497e-02 9.954201000000001409e-01 1.684204999999999730e-02 -4.753909000000000606e-01 -9.497069999999998569e-01 9.482949999999998325e-02 -2.984357000000000260e-01 -3.187653000000000514e+00
-3.022573000000000620e-01 1.327701999999999875e-02 9.531338999999998673e-01 1.583734000000000037e+02 9.424427000000000498e-02 9.954201999999997552e-01 1.602062999999999751e-02 -4.676840000000000996e-01 -9.485559999999997327e-01 9.466974000000000222e-02 -3.021243000000000123e-01 -3.851461999999999719e+00
-3.058439000000000019e-01 1.542536000000000428e-02 9.519566999999999890e-01 1.604737000000000364e+02 9.475529000000001978e-02 9.953977000000000519e-01 1.431361999999999739e-02 -4.608735000000003246e-01 -9.473546999999998830e-01 9.458064999999998834e-02 -3.058979000000000004e-01 -4.525316000000000116e+00
-3.092557999999999696e-01 1.602771999999999877e-02 9.508437999999999057e-01 1.625874999999999773e+02 9.539849000000000245e-02 9.953370999999999746e-01 1.425000999999999698e-02 -4.555310999999997446e-01 -9.461817999999998507e-01 9.511593999999998217e-02 -3.093427999999999733e-01 -5.211974000000000551e+00
-3.126265999999999212e-01 1.689295999999999506e-02 9.497259000000000118e-01 1.647037000000000262e+02 9.518252999999997355e-02 9.953664999999999319e-01 1.362697999999999861e-02 -4.525483000000002365e-01 -9.450952000000000242e-01 9.465744999999997633e-02 -3.127858999999999501e-01 -5.908581999999999113e+00
-3.161339000000000232e-01 1.703661999999999538e-02 9.485615999999998937e-01 1.668257000000000119e+02 9.503046999999997801e-02 9.953787999999998970e-01 1.379399999999999724e-02 -4.495307000000000608e-01 -9.439429999999997545e-01 9.450298999999998117e-02 -3.162919999999999621e-01 -6.614701000000000164e+00
-3.201365000000000460e-01 1.695748999999999868e-02 9.472196999999997757e-01 1.689536999999999978e+02 9.501387000000001415e-02 9.953732999999999054e-01 1.429273999999999822e-02 -4.456125000000000780e-01 -9.425947999999999549e-01 9.457460999999998952e-02 -3.202664999999999540e-01 -7.331463000000000285e+00
-3.239253000000000826e-01 1.718207999999999888e-02 9.459265999999999508e-01 1.710870999999999924e+02 9.640570999999999169e-02 9.952299999999999480e-01 1.493574999999999937e-02 -4.416744000000001891e-01 -9.411578999999999917e-01 9.603077999999999614e-02 -3.240366000000000080e-01 -8.063071999999998241e+00
-3.271324999999999927e-01 1.815460999999999811e-02 9.448041000000000356e-01 1.732245000000000346e+02 9.878847000000000322e-02 9.949940999999998814e-01 1.508584999999999440e-02 -4.365523000000006704e-01 -9.398005999999999860e-01 9.827080000000000537e-02 -3.272882999999999765e-01 -8.806086000000004077e+00
-3.298961000000000254e-01 1.768240000000000436e-02 9.438516999999998491e-01 1.753664999999999736e+02 9.945701999999997933e-02 9.949111999999998845e-01 1.612334999999999463e-02 -4.294089000000000378e-01 -9.387633999999999146e-01 9.919168999999998515e-02 -3.299758999999999332e-01 -9.557828999999999908e+00
-3.325870000000000770e-01 1.703681999999999766e-02 9.429186999999998875e-01 1.775168999999999926e+02 9.930237999999996790e-02 9.949111999999998845e-01 1.704977999999999702e-02 -4.209330000000001126e-01 -9.378298999999999941e-01 9.930457999999998953e-02 -3.325864000000000598e-01 -1.031826999999999828e+01
-3.353595000000000326e-01 1.698543999999999748e-02 9.419371000000000826e-01 1.796714000000000055e+02 9.814417000000000280e-02 9.950269999999998838e-01 1.699964999999999810e-02 -4.118277000000004628e-01 -9.369641000000000775e-01 9.814660999999998137e-02 -3.353587999999999569e-01 -1.108560000000000123e+01
-3.383517999999999804e-01 1.880924999999999958e-02 9.408316999999999375e-01 1.818303000000000225e+02 9.724015999999999216e-02 9.951466999999999397e-01 1.507537999999999413e-02 -4.043634000000003170e-01 -9.359819999999997586e-01 9.658738999999998132e-02 -3.385385999999999118e-01 -1.186224999999999774e+01
-3.416161999999999255e-01 2.028946999999999695e-02 9.396205999999999170e-01 1.839969000000000392e+02 9.708226999999999829e-02 9.951805999999997487e-01 1.380681999999999396e-02 -3.985802000000003287e-01 -9.348119000000000289e-01 9.593711000000000599e-02 -3.419394999999999518e-01 -1.264986000000000210e+01
-3.448185000000000278e-01 2.159975999999999910e-02 9.384207999999999439e-01 1.861699000000000126e+02 9.545937000000000172e-02 9.953589999999999938e-01 1.216579999999999918e-02 -3.990509000000003192e-01 -9.338028000000000439e-01 9.377603999999999107e-02 -3.452800999999999232e-01 -1.344796999999999798e+01
-3.481356999999998814e-01 2.308833000000000066e-02 9.371597999999998763e-01 1.883440000000000225e+02 9.427365000000000050e-02 9.954909999999999037e-01 1.049532000000000069e-02 -4.000549000000004907e-01 -9.326917999999998488e-01 9.200324999999998088e-02 -3.487424999999999553e-01 -1.425544999999999973e+01
