1.000000000000000000e+00 1.340647807916491148e-19 -4.035537943246326386e-21 1.734723475976807094e-18 -6.058368000060349672e-19 1.000000000000000000e+00 -6.966187348603874941e-19 0.000000000000000000e+00 -2.538576587129467840e-20 -1.678459064301256428e-19 9.999999999999998890e-01 0.000000000000000000e+00
9.989536306681798816e-01 -9.470207429800780920e-04 4.572468844200960891e-02 6.368570377713836383e-02 1.017889626032173920e-03 9.999983166193024964e-01 -1.526649157677190680e-03 -2.573531631994374624e-02 -4.572315957245147444e-02 1.571594490967366314e-03 9.989529130867695894e-01 9.225705792392075999e-01
9.958460901389987185e-01 -4.357304837794007124e-03 9.094822489041919089e-02 1.681569527317197943e-01 4.918074913595997175e-03 9.999702484124325386e-01 -5.942627201624593562e-03 -3.605834338154381702e-02 -9.091961301050224820e-02 6.365232679631143212e-03 9.958378918442103434e-01 2.007841572720677092e+00
9.906532190901078394e-01 -4.897084216344780964e-03 1.363166180086750334e-01 2.938042599606597860e-01 6.238369566952016269e-03 9.999362272544487507e-01 -9.414039845243922511e-03 -9.100848164579752875e-02 -1.362618051104271255e-01 1.017644301705500007e-02 9.906205924701485532e-01 2.974335154647393953e+00
9.832043934548407860e-01 -3.194958306794159868e-03 1.824799087791438290e-01 4.547050858430985998e-01 5.569234648890077251e-03 9.999063597531004932e-01 -1.250021265986907965e-02 -8.134820860470168280e-02 -1.824228591989776604e-01 1.330653834450801209e-02 9.831301197387938284e-01 4.000745502422217825e+00
9.736467049760523240e-01 -5.555540949189735796e-03 2.279939395369501298e-01 6.942466032095562234e-01 8.614780497794407091e-03 9.998856946393075429e-01 -1.242510261188841530e-02 -1.272497290918328805e-01 -2.278988198897133610e-01 1.406177887853020912e-02 9.735832720901873572e-01 4.932944862447321555e+00
9.619272174525022034e-01 -6.660838718116041113e-03 2.732245800389968560e-01 9.525822453466018525e-01 1.078419509585632451e-02 9.998494626103721084e-01 -1.359239516059232260e-02 -1.526953073974927633e-01 -2.730928761632205326e-01 1.602140305670651105e-02 9.618542436850033850e-01 5.892952256307215642e+00
9.480628488602425019e-01 -9.360374053779216622e-03 3.179453271865479436e-01 1.278373813990433705e+00 1.525649240958034357e-02 9.997546360247582253e-01 -1.605948662897755883e-02 -1.690814446743798549e-01 -3.177169494658768079e-01 2.007613441717461672e-02 9.479730354041454587e-01 6.895466253640897492e+00
9.328768800922994098e-01 -1.125125498159290291e-02 3.600196559832338217e-01 1.615980682344593911e+00 1.870759956568097959e-02 9.996764696250608484e-01 -1.723315688822715450e-02 -2.593055572599656244e-01 -3.597092358297087067e-01 2.281151866357281413e-02 9.327855506661281160e-01 7.732772669837797430e+00
9.154157232549188228e-01 -1.143311849565396832e-02 4.023473108357546457e-01 2.027459371665070620e+00 2.030133666393492756e-02 9.996357319897452021e-01 -1.778367075897048857e-02 -2.492541902282675303e-01 -4.019973718812294705e-01 2.444764159355531166e-02 9.153143748553256298e-01 8.648498197882263483e+00
8.954464250708723538e-01 -1.215320793976759108e-02 4.450033991788052701e-01 2.463729733846283132e+00 2.197322216882185986e-02 9.996154531182224190e-01 -1.691517878619260701e-02 -2.944002076531732071e-01 -4.446266412263054635e-01 2.492479646088212319e-02 8.953691298221528871e-01 9.564233916014302395e+00
8.736292372362947090e-01 -1.226498606255102888e-02 4.864376188268507151e-01 2.935088508817611075e+00 2.281524835739712209e-02 9.996152895821808215e-01 -1.577140301882558673e-02 -3.438111693111350342e-01 -4.860569800188280776e-01 2.487655534222427828e-02 8.735729724784907502e-01 1.040850173152729319e+01
8.490792851127382246e-01 -1.239151061529848719e-02 5.281201139281653800e-01 3.466752018611251707e+00 2.399783195368291461e-02 9.995975387542628265e-01 -1.512826653185270730e-02 -3.609892134816544695e-01 -5.277200332397989913e-01 2.551883693720711360e-02 8.490349338690726944e-01 1.126568752174323507e+01
8.234448764870494486e-01 -1.279806443588342099e-02 5.672519610622871467e-01 4.007644847731365978e+00 2.552168702445615361e-02 9.995691549282343935e-01 -1.449647774499419547e-02 -3.929382565226913204e-01 -5.668219605195835564e-01 2.641427881323697019e-02 8.234167284509710250e-01 1.203326159221049885e+01
7.961010277258055989e-01 -1.436904631741225784e-02 6.049931672910880964e-01 4.594342915075317002e+00 2.892021655409257597e-02 9.994791826018790681e-01 -1.431727789856913034e-02 -4.533570389732517469e-01 -6.044722696745640222e-01 2.889453467516038543e-02 7.961019613886495261e-01 1.282325989976667557e+01
7.666624599647370308e-01 -1.409789861156618938e-02 6.418956116008165402e-01 5.224082521380760014e+00 3.047269760267524649e-02 9.994312116400441148e-01 -1.444533521081341199e-02 -4.503830110178571045e-01 -6.413267740174667386e-01 3.063498878736385309e-02 7.666559933403640503e-01 1.361293876638453959e+01
7.361936316789051693e-01 -1.693360456650761306e-02 6.765591254993142956e-01 5.873248351612675222e+00 3.524066824692762695e-02 9.992898751222654141e-01 -1.333568648648151070e-02 -5.037399433364395662e-01 -6.758527722057569020e-01 3.366004503607624571e-02 7.362675949211366921e-01 1.429357821329608136e+01
7.038820672068962780e-01 -1.636521129425501028e-02 7.101283561036207947e-01 6.552664019434486065e+00 3.592890260663973018e-02 9.992751136288319236e-01 -1.258415621716942219e-02 -5.353173864657887471e-01 -7.094075562777499844e-01 3.437189631325095890e-02 7.039598179393128374e-01 1.496046472236279712e+01
6.691062317509374191e-01 -1.548458412595737563e-02 7.430054855176301265e-01 7.286782114012066103e+00 3.749072589218181706e-02 9.992132193166309850e-01 -1.293783365706894888e-02 -5.376804365097322957e-01 -7.422204666984295596e-01 3.651260210794319422e-02 6.691603214131376376e-01 1.563440125068528808e+01
6.338095343552457850e-01 -1.632850445664938213e-02 7.733168390127819203e-01 8.018492338705749845e+00 4.180015589707140183e-02 9.990392564428924871e-01 -1.316475259327353105e-02 -5.879128001728795017e-01 -7.723588155996831128e-01 4.066871240624580358e-02 6.338831412340363292e-01 1.622907905295503994e+01
5.964083294623857556e-01 -1.525421212665300716e-02 8.025362914810307835e-01 8.801148325225762292e+00 4.301563562711618882e-02 9.989900907947417696e-01 -1.297895311723392710e-02 -6.153058754725506674e-01 -8.015277115576510125e-01 4.226236677367790906e-02 5.964621821519774381e-01 1.681102852741896569e+01
5.589997227313893147e-01 -1.439151654450501056e-02 8.290429938425928347e-01 9.571078803887408171e+00 4.577680742523830559e-02 9.988601079058589960e-01 -1.352657844991946717e-02 -6.541691748483157154e-01 -8.279031953440970648e-01 4.551229762063017242e-02 5.590213224147302373e-01 1.731624845292528292e+01
5.201271791995973892e-01 -1.283481732463539332e-02 8.539924367216789047e-01 1.036422227074152680e+01 4.999309960319205798e-02 9.986302116944855145e-01 -1.543987641286260690e-02 -6.891402942339670545e-01 -8.526243655948818612e-01 5.072443122393642534e-02 5.200563687858050788e-01 1.780067375378153116e+01
4.805164842929086633e-01 -1.174176711683335567e-02 8.769071453884111911e-01 1.126056046463497573e+01 5.246341437858761253e-02 9.985044305263001130e-01 -1.537829059809131017e-02 -6.990300039335135551e-01 -8.754149841881458949e-01 5.339506814146326857e-02 4.804138531525974920e-01 1.827682857170687569e+01
4.423094580916785423e-01 -1.336756315587339997e-02 8.967629333931949054e-01 1.210251468629648208e+01 5.732989374415565359e-02 9.982654083213564622e-01 -1.339616305958296442e-02 -7.217486111128912363e-01 -8.950282218524202582e-01 5.733657664367958900e-02 4.423085942461489894e-01 1.868870401023627537e+01
4.047803221779885385e-01 -1.422345031647838029e-02 9.143033936893844027e-01 1.299305833824901235e+01 6.177673643899665029e-02 9.980199532512129545e-01 -1.182400100077437947e-02 -7.652122734842775609e-01 -9.123247298560308582e-01 6.126880631586020809e-02 4.048575180728955503e-01 1.907960247104789175e+01
3.686770370313779410e-01 -1.226052582901751217e-02 9.294767544876405552e-01 1.392323798552902581e+01 6.315577662297729156e-02 9.979328839126360151e-01 -1.188723274209099040e-02 -7.931338908425410450e-01 -9.274095501087825655e-01 6.308437973365046969e-02 3.686892633677267828e-01 1.945749882479977089e+01
3.355494928836140756e-01 -1.252376503219796745e-02 9.419393884773278325e-01 1.480831402023918741e+01 6.423718294746534607e-02 9.978883310172710353e-01 -9.615734204679286454e-03 -8.132513154943840084e-01 -9.398297731242853947e-01 6.373409127351156722e-02 3.356454163710257399e-01 1.977005999467974462e+01
3.019131003093758481e-01 -1.386406035970309467e-02 9.532346977742747196e-01 1.578570196928764524e+01 6.649137722912289161e-02 9.977655149910337196e-01 -6.547747460777730670e-03 -8.191865930517865380e-01 -9.510138033008689318e-01 6.535874241685805941e-02 3.021603220544871182e-01 2.006442444743035480e+01
2.688071699266917358e-01 -1.398735807111877762e-02 9.630925101659875143e-01 1.672168576697237086e+01 6.768758239216192407e-02 9.976968530391107093e-01 -4.402243419753885424e-03 -8.507651480309129655e-01 -9.608126620448432798e-01 6.637276207302673925e-02 2.691348395509549629e-01 2.031706386103080675e+01
2.365206162965690362e-01 -1.148073566490136026e-02 9.715587048330914799e-01 1.769235808822598344e+01 6.528786681852510876e-02 9.978580377085819464e-01 -4.102464311557366822e-03 -8.828322790724123514e-01 -9.694304334810293078e-01 6.440131636049813146e-02 2.367635523964854438e-01 2.056845902350518074e+01
2.045786351980619089e-01 -9.419021841942348816e-03 9.788048795069561603e-01 1.868456990494336267e+01 6.504698861803723253e-02 9.978742132962233891e-01 -3.992856566197411361e-03 -8.779185780912899251e-01 -9.766864093982767780e-01 6.448516661944543593e-02 2.047564252735482038e-01 2.078880005600901626e+01
1.740748782215057189e-01 -9.102833064669284963e-03 9.846904106851618321e-01 1.966770054260878453e+01 6.673464648517797582e-02 9.977674388739157241e-01 -2.573719735125540656e-03 -8.927231346799234801e-01 -9.824684693300986815e-01 6.616099012213746966e-02 1.742937213829309495e-01 2.094219472073346111e+01
1.434763651875088641e-01 -9.546902829072497626e-03 9.896077608430853267e-01 2.066877083218193789e+01 6.833205733745265076e-02 9.976625929201766718e-01 -2.823839168219846878e-04 -9.116957671393921547e-01 -9.872918164367968652e-01 6.766245347991250991e-02 1.437933636551383121e-01 2.110008733090270283e+01
1.124188889740690284e-01 -9.802571920486894547e-03 9.936126182476155977e-01 2.173987023640524185e+01 6.769491055624525522e-02 9.977036780217236611e-01 2.183822649866694072e-03 -9.219816035896714057e-01 -9.913522379607559998e-01 6.701701812291746552e-02 1.128243248691067069e-01 2.122678584914983801e+01
8.306726843578852992e-02 -9.801911161023569435e-03 9.964958025113459517e-01 2.278439837288961201e+01 6.812828044868229904e-02 9.976680029037052755e-01 4.134308961074007437e-03 -9.255324207933109948e-01 -9.942123680669390229e-01 6.754612347808959527e-02 8.354134479382216427e-02 2.132104049252541245e+01
5.513399668160262612e-02 -9.513343018470824322e-03 9.984337094904538468e-01 2.386883817747505887e+01 7.036915789558388645e-02 9.975051935541314752e-01 5.618675419789742956e-03 -9.245143735164091936e-01 -9.959961295282222515e-01 6.994916321828423267e-02 5.566589560643509654e-02 2.137101693094814436e+01
3.031438128229498735e-02 -9.062718362370639560e-03 9.994993943368217781e-01 2.493245681315719509e+01 7.447570783612511569e-02 9.971997583813336785e-01 6.783050211589252733e-03 -9.352537091290284987e-01 -9.967618938117251970e-01 7.423280512953896182e-02 3.090444769783146084e-02 2.141685257160294853e+01
7.323784056568788565e-03 -8.482069236088895028e-03 9.999372733816028758e-01 2.602009460762295845e+01 7.893872081721967082e-02 9.968483430311430027e-01 7.877699929594375594e-03 -9.291125786512323126e-01 -9.968524996929857274e-01 7.887607926801311342e-02 7.970267343506393098e-03 2.141591257195462816e+01
-1.357909213455091475e-02 -8.793953053154645802e-03 9.998691957808235609e-01 2.715343607158632366e+01 8.462492070793341259e-02 9.963635710591595140e-01 9.912400099218874466e-03 -9.464945349843681965e-01 -9.963202781444303602e-01 8.474845784922900582e-02 -1.278552350114963050e-02 2.139002644682083698e+01
-3.107798509274824206e-02 -8.991735618003518851e-03 9.994765837582648693e-01 2.827063145415386813e+01 8.913639269142784038e-02 9.959503353745936538e-01 1.173164175372553783e-02 -9.421984363389002137e-01 -9.955343931829120363e-01 8.945433845597001998e-02 -3.015063714699988892e-02 2.137033304440368298e+01
-4.680940303793741653e-02 -9.116640879961404598e-03 9.988623030503229749e-01 2.939394520945421263e+01 9.188473402131931700e-02 9.956795702171392648e-01 1.339356024635459524e-02 -9.394257575087109347e-01 -9.946687595711252161e-01 9.240714723921480966e-02 -4.576948452453696858e-02 2.131817619893113402e+01
-6.172954646557669844e-02 -9.377639797468537500e-03 9.980489249431776511e-01 3.054560922440571247e+01 9.445343136045862564e-02 9.954133133297882186e-01 1.519484123832630026e-02 -9.446652540819845401e-01 -9.936135458174312207e-01 9.520712214011248231e-02 -6.056066046922452262e-02 2.122819659722132357e+01
-7.485521338386150192e-02 -1.025198773559039302e-02 9.971417788721339548e-01 3.168236353276885353e+01 9.480166501526486600e-02 9.953449709639854426e-01 1.735025422853419402e-02 -9.374129403628523871e-01 -9.926777964839550439e-01 9.582946376956738566e-02 -7.353485303649708038e-02 2.116332873458880570e+01
-8.705060894240751468e-02 -1.011922697671627062e-02 9.961525615478652451e-01 3.282546344625188794e+01 9.495386239125767902e-02 9.953114553109781992e-01 1.840839947783013547e-02 -9.328014596058211705e-01 -9.916682016056846960e-01 9.619100154639036171e-02 -8.568160694007294353e-02 2.106673975163996460e+01
-9.890551457989435469e-02 -7.574627438171959229e-03 9.950680665558429006e-01 3.399271903630437208e+01 9.490186366869646228e-02 9.953413031665681032e-01 1.700954773218075686e-02 -9.245817620507631451e-01 -9.905610543274856461e-01 9.611615796177884474e-02 -9.772589586600557987e-02 2.096003415840473139e+01
-1.087122631695633806e-01 -4.232508935783862135e-03 9.940643149837703474e-01 3.514723127417119741e+01 9.541803898516820759e-02 9.953291419034383525e-01 1.467294539815860305e-02 -9.216354430511387585e-01 -9.894831523820154517e-01 9.644680258038854093e-02 -1.078006242654794417e-01 2.082943565433621202e+01
-1.186485675532169687e-01 -1.952236316837096261e-03 9.929344583233710164e-01 3.634195406570745490e+01 9.588817475828587122e-02 9.953017121053449046e-01 1.341484313610999575e-02 -9.130736182678137469e-01 -9.882954228606962710e-01 9.680233072517924198e-02 -1.179039244008553977e-01 2.069080590471930492e+01
-1.255403389022370919e-01 -5.529544149886879770e-04 9.920884283530158054e-01 3.757909401108232572e+01 9.590882781326731665e-02 9.953092124972490184e-01 1.269119614840140929e-02 -9.025356388446925671e-01 -9.874416376581447441e-01 9.674330124598987113e-02 -1.248984209937422513e-01 2.054201615151168525e+01
-1.315998183105845376e-01 3.380926154918328626e-04 9.913029332339549082e-01 3.883224346525542359e+01 9.604306451041480508e-02 9.952998055152385559e-01 1.241068449360608825e-02 -8.900992159625569222e-01 -9.866392884547375841e-01 9.684102132379650285e-02 -1.310137433762196824e-01 2.038176358888811279e+01
-1.372185242174362996e-01 1.712938106892966704e-03 9.905393854802693188e-01 4.009781804779652248e+01 9.651265072530432199e-02 9.952635902658736322e-01 1.164870427530100873e-02 -8.893868327961030884e-01 -9.858276994533241577e-01 9.719800570899490844e-02 -1.367339196159655934e-01 2.019484792339977020e+01
-1.411297767836811323e-01 3.498436714522241888e-03 9.899849890995334745e-01 4.137616839243743527e+01 9.606483814107209807e-02 9.953230451918373412e-01 1.017746387907110181e-02 -8.799880274154610049e-01 -9.853191367695727232e-01 9.653909684804092006e-02 -1.408057943074513818e-01 2.002521493344665870e+01
-1.453417043257843599e-01 4.194217868721314586e-03 9.893726946723910842e-01 4.267625129550676633e+01 9.606190405317671654e-02 9.953262032362124589e-01 9.892316673254917050e-03 -8.848719911823057505e-01 -9.847069452626806552e-01 9.647879692804169072e-02 -1.450653096488366545e-01 1.984263779584506793e+01
-1.483055983654104626e-01 3.575084444338887807e-03 9.889351847286338426e-01 4.403258474616990270e+01 9.631075010360466704e-02 9.952922283663933056e-01 1.084517156389237097e-02 -8.789372231533694180e-01 -9.842405993970040345e-01 9.685349502555985757e-02 -1.479517268980148070e-01 1.963059355159599662e+01
-1.504070912429034956e-01 1.617463461639308568e-03 9.886228916833127434e-01 4.538334920310614251e+01 9.667601299344349974e-02 9.952299558006248992e-01 1.307982232993299375e-02 -8.736169311712725927e-01 -9.838858287888950782e-01 9.754342352837498675e-02 -1.498460110476396434e-01 1.944020531991906608e+01
-1.528653497985061338e-01 1.151093655331930816e-03 9.882464221851613440e-01 4.673849315201105270e+01 9.740394970448364165e-02 9.951477508723877152e-01 1.390764715661386118e-02 -8.606136150467637025e-01 -9.834350635314187405e-01 9.838510819203061253e-02 -1.522357284666834565e-01 1.924143761791168572e+01
-1.551128415161816543e-01 1.166543540767484314e-03 9.878961365604201905e-01 4.815269589864017519e+01 9.875176211315972452e-02 9.950089080916262319e-01 1.433040043887435708e-02 -8.699256257963998706e-01 -9.829486073667444979e-01 9.977931955715989287e-02 -1.544538556578074762e-01 1.902014048212874542e+01
-1.559864850068855557e-01 1.691191071952385765e-03 9.877578080642610558e-01 4.956022184051849422e+01 9.920564325842612385e-02 9.949689809886013148e-01 1.396299669279331412e-02 -8.301940248115557974e-01 -9.827646339385093244e-01 1.001691936933373217e-01 -1.553694880925356181e-01 1.881030219772572210e+01
-1.570651160745590580e-01 2.499448987290539721e-03 9.875851523029337553e-01 5.099339399408781759e+01 1.003964619602704805e-01 9.948566070196818156e-01 1.344916006944230774e-02 -8.443666225058232833e-01 -9.824718665936178486e-01 1.012624553389994964e-01 -1.565082026521149028e-01 1.857912282554964634e+01
-1.568650899749421401e-01 3.155766081436583992e-03 9.876150645261915217e-01 5.244605642929997913e+01 1.005409417048953591e-01 9.948507055762625395e-01 1.279025649233284621e-02 -8.117323889578957896e-01 -9.824890490417891309e-01 1.013020996446398897e-01 -1.563746274926073321e-01 1.835022097438978506e+01
-1.557566445472041705e-01 4.154765139840879695e-03 9.877867870368335357e-01 5.393827531291807986e+01 1.001142950403907245e-01 9.949083022923388420e-01 1.160155084213619452e-02 -8.250575822756519573e-01 -9.827089418869378035e-01 1.006986026970111692e-01 -1.553795285364798773e-01 1.810222009267579324e+01
-1.543966287848880237e-01 4.078178355388699383e-03 9.880005974562908744e-01 5.543705249650744804e+01 9.994034857525294080e-02 9.949268412862183331e-01 1.151109228981799827e-02 -8.145336804868678060e-01 -9.829412375858358475e-01 1.005184041637207926e-01 -1.540209231045517602e-01 1.786436167573772593e+01
-1.533523851658589177e-01 3.641961898584892242e-03 9.881649220705931436e-01 5.692863571296532399e+01 1.004923307886107370e-01 9.948663210294165227e-01 1.192865214147229881e-02 -8.038150486422426244e-01 -9.830484251369334681e-01 1.011322897492705347e-01 -1.529311108464405100e-01 1.765135816051838447e+01
-1.528019118120202968e-01 3.867328697810016539e-03 9.882493362866063835e-01 5.845393843624020036e+01 1.007277333423912680e-01 9.948454502497624530e-01 1.168126068153966038e-02 -8.099755702786999301e-01 -9.831100488770401213e-01 1.013290408716965435e-01 -1.524038323644837101e-01 1.743952938875061065e+01
-1.519175652310633395e-01 4.649951712669010868e-03 9.883822957315464564e-01 6.001532522680685844e+01 1.005309598768456131e-01 9.948756204990987229e-01 1.077143672256597809e-02 -7.938428250537077346e-01 -9.832672313091941341e-01 1.009993976162731621e-01 -1.516065444372287907e-01 1.720088166164733678e+01
-1.506864112230533181e-01 5.325188138472117250e-03 9.885673366473299861e-01 6.158436699649771384e+01 1.014027633740639395e-01 9.947942037995928244e-01 1.009800161284577988e-02 -7.896041724513523929e-01 -9.833671510042728547e-01 1.017650976654544404e-01 -1.504419556213412168e-01 1.694083127389507126e+01
-1.493896369907797006e-01 5.146409465606066082e-03 9.887650793394276993e-01 6.320767693199845638e+01 1.008056556216717914e-01 9.948553505495858484e-01 1.005232671093744812e-02 -7.846961760164118393e-01 -9.836263643935924117e-01 1.011748317939433345e-01 -1.491398652099514277e-01 1.669756387964514488e+01
-1.483204046559266354e-01 3.724594381838570219e-03 9.889324123966878322e-01 6.482515446263023762e+01 1.020445577147779670e-01 9.947126778964876515e-01 1.155831369627595764e-02 -7.834102091647495714e-01 -9.836604263244863589e-01 1.026295107937137269e-01 -1.479162598409767271e-01 1.645402642403029247e+01
-1.480689278896629713e-01 2.329624502307300546e-03 9.889743660880093712e-01 6.646943854017202113e+01 1.045279861086696876e-01 9.944329090615223743e-01 1.330741640403620800e-02 -7.683364104948023909e-01 -9.834375227639120531e-01 1.053459202986369997e-01 -1.474881240123676052e-01 1.622273978913689163e+01
-1.475271714816353552e-01 3.086955331102482838e-03 9.890532522263739690e-01 6.810304410878306669e+01 1.066473924652595745e-01 9.942144523071171358e-01 1.280446199871839927e-02 -7.650538504985756605e-01 -9.832913788734833904e-01 1.073689632056722132e-01 -1.470028600811189023e-01 1.598759201300983435e+01
-1.466953577624246774e-01 4.122477375692722851e-03 9.891731944322499359e-01 6.976021763294758671e+01 1.064780483141125195e-01 9.942468336338590174e-01 1.164717936049977642e-02 -7.828816247122292182e-01 -9.834341694381419918e-01 1.070338250903577065e-01 -1.462903466576070677e-01 1.573571593099165433e+01
-1.458712743650538435e-01 4.457056196174080491e-03 9.892936052502855349e-01 7.143313056724100818e+01 1.067993946049413806e-01 9.942167328103207469e-01 1.126832944903683777e-02 -7.626702900581689981e-01 -9.835219006045748946e-01 1.072996904860839817e-01 -1.455036710611186113e-01 1.549037677195448026e+01
-1.459037205910362345e-01 3.867754770815708294e-03 9.892912999779350791e-01 7.314736727055820609e+01 1.071498789113512345e-01 9.941714696353188829e-01 1.191596128592435459e-02 -7.746130209057823235e-01 -9.834789657662335038e-01 1.077410329046158965e-01 -1.454677441283879213e-01 1.524235689548794603e+01
-1.452399450442156958e-01 3.546133865523939770e-03 9.893901731590130089e-01 7.485755992781825796e+01 1.072212029496917018e-01 9.941606221004544164e-01 1.217656850551732291e-02 -7.547738799623050499e-01 -9.835694384796143108e-01 1.078521355206309151e-01 -1.447720532056586962e-01 1.498059088257024385e+01
-1.458204753440235646e-01 3.262721896950373460e-03 9.893057540716732046e-01 7.658415500326309200e+01 1.085433900495295645e-01 9.940103186928462842e-01 1.272071016006373449e-02 -7.643285636012528972e-01 -9.833384919546542813e-01 1.092375472850434098e-01 -1.453012024113389811e-01 1.474698216787815497e+01
-1.451322766493594318e-01 3.373827142732785042e-03 9.894065751823573063e-01 7.832208931080464254e+01 1.095077959804907491e-01 9.939051297847084632e-01 1.267411620949486679e-02 -7.485665372925272010e-01 -9.833333784447654269e-01 1.101871637357651479e-01 -1.446171729796906225e-01 1.448968580819000174e+01
-1.450877666491653117e-01 3.922239581808067109e-03 9.894110811272733841e-01 8.005837869559623243e+01 1.092830252300844157e-01 9.939372049510166729e-01 1.208514110978196887e-02 -7.536892295825285970e-01 -9.833649519057408028e-01 1.098792492691049727e-01 -1.446367618088663376e-01 1.423280257586567643e+01
-1.462721360713138685e-01 4.876566833707136027e-03 9.892324361417405010e-01 8.185460401008796794e+01 1.087719655986121858e-01 9.940038172288236940e-01 1.118340210041498910e-02 -7.431735399220311677e-01 -9.832461492609435583e-01 1.092365835678228703e-01 -1.459254937147864140e-01 1.397645586946571683e+01
-1.471110268108269947e-01 5.532841060770290857e-03 9.891045773022619780e-01 8.365837698237197628e+01 1.081294557628962177e-01 9.940811409482955829e-01 1.052158184477600122e-02 -7.399577247391325718e-01 -9.831918607062541948e-01 1.084991872253876777e-01 -1.468385588169356104e-01 1.371890720166484634e+01
-1.482295010175841976e-01 5.925663055461726642e-03 9.889353026784450940e-01 8.543802401622617992e+01 1.073581862185245400e-01 9.941687511708737768e-01 1.013468099543360194e-02 -7.507892872162830189e-01 -9.831083883834881298e-01 1.076725659016901093e-01 -1.480013046977740054e-01 1.344273311354072398e+01
-1.496209169942721851e-01 5.544314904909655728e-03 9.887279570508050730e-01 8.725111903231517374e+01 1.065772299564576725e-01 9.942484257579260465e-01 1.055270956290232931e-02 -7.403960118642902710e-01 -9.829825755080813243e-01 1.069547996759491471e-01 -1.493512572546346617e-01 1.320445367621617550e+01
-1.498082543931333610e-01 4.922555820258840351e-03 9.887028808670937918e-01 8.908395139443622668e+01 1.060590442555662816e-01 9.942976567044248259e-01 1.111965705466863401e-02 -7.514490525352699457e-01 -9.830100887391267639e-01 1.065267057259661199e-01 -1.494760762126973452e-01 1.290836455973868091e+01
-1.500639167655490602e-01 4.183615576789062596e-03 9.886675121136599964e-01 9.090847861861693957e+01 1.042000419506297210e-01 9.944886180699191724e-01 1.160765425625738013e-02 -7.358792877080941874e-01 -9.831698941163568017e-01 1.047610928696757204e-01 -1.496727884761011873e-01 1.264837006629046989e+01
-1.523854606140347678e-01 4.943083401043360005e-03 9.883088426673679594e-01 9.279727296171382989e+01 1.041962765783710776e-01 9.944948997677595104e-01 1.109180480233577099e-02 -7.512642931988789963e-01 -9.828131439866873986e-01 1.046683378602736442e-01 -1.520616126159338166e-01 1.238689512017524663e+01
-1.543920601026384787e-01 5.776323171507479100e-03 9.879928425677526604e-01 9.466414536489617149e+01 1.034813531782923512e-01 9.945774779800755638e-01 1.035604753841031477e-02 -7.332416129064763810e-01 -9.825754780526810839e-01 1.038377342851039969e-01 -1.541526058470545357e-01 1.209567598627658036e+01
-1.592339678565842520e-01 6.321063978140280606e-03 9.872207040643260489e-01 9.653041061087660069e+01 1.033567777596635928e-01 9.945909856529392412e-01 1.030270041449453909e-02 -7.369195625087128221e-01 -9.818155574923544959e-01 1.036764972511782651e-01 -1.590259921978594004e-01 1.179848985675951667e+01
-1.636772114533358025e-01 6.126967981677299870e-03 9.864949880412395844e-01 9.841490848609163322e+01 1.019789738275017621e-01 9.947285536577196163e-01 1.074203801010085828e-02 -7.327233286377323740e-01 -9.812287850088845520e-01 1.023599797561824537e-01 -1.634392160790814896e-01 1.149806491781133033e+01
-1.683820477775307412e-01 5.615049942047901921e-03 9.857058829655942489e-01 1.003077115561105188e+02 1.007379240987227725e-01 9.948460516595172276e-01 1.154132329482044327e-02 -7.217912621332279732e-01 -9.805606692355334220e-01 1.012413223391697703e-01 -1.680798622356715621e-01 1.118284776012957771e+01
-1.735189844483433219e-01 6.185654817943473001e-03 9.848111646386003004e-01 1.022523252726880969e+02 9.896955371440749327e-02 9.950275629863325477e-01 1.118813683730214559e-02 -7.224081344452457643e-01 -9.798449158716798779e-01 9.940768171170226430e-02 -1.732683620859761242e-01 1.084990381545845750e+01
-1.774678185010027665e-01 7.363184645228328280e-03 9.840991245896220097e-01 1.041570212860848557e+02 9.915094135580022894e-02 9.950176824609247017e-01 1.043553935905550643e-02 -7.293352765496580181e-01 -9.791190602273299737e-01 9.942633310709966810e-02 -1.773136825273013695e-01 1.051483003892500179e+01
-1.827108788709559950e-01 9.279128137980910754e-03 9.831229640249778967e-01 1.060851869116382318e+02 9.897258743275455517e-02 9.950494394946446386e-01 9.002109121130736843e-03 -7.449672420728352673e-01 -9.781722914798550716e-01 9.894701285275367408e-02 -1.827247352937153846e-01 1.017580116474344010e+01
-1.876929856222138981e-01 9.828195634884412044e-03 9.821786392253599729e-01 1.080579048829553699e+02 9.793720398302355190e-02 9.951540614621531278e-01 8.757633462503746150e-03 -7.429248395634018287e-01 -9.773328591805052756e-01 9.783558208372013232e-02 -1.877459813155089308e-01 9.815031635117906106e+00
-1.924145329904035917e-01 9.526743763978233817e-03 9.812675568083174538e-01 1.099735412372200329e+02 9.660320460107474361e-02 9.952797104476632795e-01 9.279924482148864395e-03 -7.474472465028837442e-01 -9.765471514633099481e-01 9.657918876162384370e-02 -1.924265930256504886e-01 9.439031668862844171e+00
-1.988533061183890560e-01 8.887913298403458950e-03 9.799890288722588050e-01 1.119205389994485245e+02 9.451823166048710367e-02 9.954713782135736766e-01 1.015072856080985117e-02 -7.513689293604989272e-01 -9.754606796697639082e-01 9.464534169266809738e-02 -1.987928429247825535e-01 9.079985007128268393e+00
-2.038631378663902372e-01 8.660756691432448112e-03 9.789611540383096333e-01 1.138973517239410995e+02 9.431077680418080422e-02 9.954838657476304808e-01 1.083275919991385020e-02 -7.523461882518555077e-01 -9.744460835424924028e-01 9.453499287063982237e-02 -2.037592656330210472e-01 8.667109424774173121e+00
-2.093586288433442189e-01 8.331073043016614180e-03 9.778035008408669793e-01 1.158631565420620575e+02 9.416281958227244731e-02 9.954882970241772933e-01 1.167956159711185452e-02 -7.443278932190585673e-01 -9.732945081452480940e-01 9.451795732196546784e-02 -2.091985406001950487e-01 8.261245182541985699e+00
-2.152670054399815625e-01 9.705079826047758110e-03 9.765070690869506187e-01 1.178438081347831741e+02 9.453760262135355030e-02 9.954611010139200467e-01 1.094697707359763329e-02 -7.583041402442405321e-01 -9.719684305823886872e-01 9.467316592049905555e-02 -2.152074236061902734e-01 7.839304939318154197e+00
-2.209582149361711823e-01 1.064973699137007970e-02 9.752251935912060743e-01 1.198187670460683165e+02 9.395141704325414567e-02 9.955223003283001360e-01 1.041532792087264923e-02 -7.539753782069387178e-01 -9.707473774502622943e-01 9.392514676735917722e-02 -2.209693866722924893e-01 7.406269499593878258e+00
-2.264900996911490827e-01 1.070837030602582972e-02 9.739546668528256124e-01 1.217961635773948075e+02 9.478448988614807114e-02 9.954359592254500289e-01 1.109728780196584351e-02 -7.711142525143972470e-01 -9.693905342467521447e-01 9.482922778815004727e-02 -2.264713754410734581e-01 6.947597706730006983e+00
-2.328126675261482370e-01 1.073660706668248289e-02 9.724623973527406484e-01 1.238193608501886303e+02 9.401965121278386961e-02 9.955037134563796686e-01 1.151781007163499813e-02 -7.628357760937011234e-01 -9.679661358243422109e-01 9.411207313748505554e-02 -2.327753254999902766e-01 6.483529655724265872e+00
-2.373732752440126659e-01 1.146072233636070102e-02 9.713509700010065639e-01 1.258291522502831157e+02 9.384081045458132764e-02 9.955243673819043071e-01 1.118635407553641818e-02 -7.658014748092178969e-01 -9.668752266283172636e-01 9.380770937173416035e-02 -2.373863615312231112e-01 6.003248041989999173e+00
-2.433077566774990708e-01 1.175388315776405151e-02 9.698779862831864440e-01 1.278392794221506108e+02 9.250285482881800969e-02 9.956501055835413894e-01 1.113945361843852143e-02 -7.676554704761009429e-01 -9.655280582004831524e-01 9.242680352578379332e-02 -2.433366597643277507e-01 5.517794880948700964e+00
-2.474486236205059309e-01 1.133346225329841424e-02 9.688347937286009293e-01 1.298431891801180598e+02 9.345361367940369091e-02 9.955486032257758744e-01 1.222288819255729943e-02 -7.679397672655873253e-01 -9.643834687552358398e-01 9.356565497061132552e-02 -2.474062830119412026e-01 5.013471277779353308e+00
-2.514284541036038712e-01 1.103249883995624861e-02 9.678130720404374276e-01 1.318592254467362181e+02 9.568311283398543698e-02 9.953201393862027846e-01 1.351148598006247231e-02 -7.651081125545162731e-01 -9.631346472213175858e-01 9.600054518180084484e-02 -2.513074262093954458e-01 4.485440009611619594e+00
-2.553484822602103965e-01 1.163458856271361135e-02 9.667791447241209646e-01 1.338858120655706330e+02 9.633042530848241747e-02 9.952583186218767475e-01 1.346575474710472869e-02 -7.663814323546533913e-01 -9.620381885993755100e-01 9.656871204685198162e-02 -2.552584643765497541e-01 3.968001690252771052e+00
-2.581742134133421240e-01 1.205675072128656149e-02 9.660232066666030182e-01 1.359131333119169369e+02 9.642276984642783599e-02 9.952509638849390550e-01 1.334790300653910730e-02 -7.641243792584831995e-01 -9.612744663920917976e-01 9.659272350136222096e-02 -2.581106784458877534e-01 3.429824648212675964e+00
-2.616459915901554467e-01 1.184729441539528888e-02 9.650912609644850537e-01 1.379525046096046026e+02 9.559977170848632522e-02 9.953255759786310275e-01 1.369962255218233789e-02 -7.590052456369279499e-01 -9.604175830055282637e-01 9.584696130842595974e-02 -2.615555443220730636e-01 2.891239633080914029e+00
-2.653515408175317614e-01 1.241001301357579599e-02 9.640719249092539744e-01 1.400271945089043300e+02 9.505354702878905659e-02 9.953826458869630134e-01 1.334952028988292162e-02 -7.572124246233895573e-01 -9.594546671259382986e-01 9.518077752989384521e-02 -2.653059329452551740e-01 2.338348975133172303e+00
-2.696546764316596900e-01 1.275401311262764834e-02 9.628726890726819754e-01 1.420607496613188516e+02 9.338198060790940669e-02 9.955459364819010393e-01 1.296504319330895813e-02 -7.610474468549023319e-01 -9.584185081685462348e-01 9.341104885628594146e-02 -2.696446107836763528e-01 1.778448624144408630e+00
-2.745756833109533890e-01 1.303106186155983566e-02 9.614772539919018701e-01 1.441627093922756444e+02 9.327850904775204788e-02 9.955532729947738080e-01 1.314529102152588516e-02 -7.481036750282363812e-01 -9.570304017509637662e-01 9.329454753748910034e-02 -2.745702366328816590e-01 1.209693341342821471e+00
-2.790362563356202918e-01 1.322284901795981252e-02 9.601895895980774309e-01 1.462030519785556351e+02 9.326079826017712182e-02 9.955516404889612758e-01 1.339227109294854542e-02 -7.558626854766288261e-01 -9.557411090287155631e-01 9.328498232998574946e-02 -2.790281746139320895e-01 6.135136954751714278e-01
-2.835041936674372320e-01 1.384037239255828458e-02 9.588711800835731935e-01 1.482826313374395681e+02 9.288317681635471779e-02 9.955909383315587613e-01 1.309187872793929862e-02 -7.465232046676150146e-01 -9.544621335156563413e-01 9.277460937486819992e-02 -2.835397423611147882e-01 3.057992726822784946e-02
-2.878381206217190957e-01 1.408023062094541575e-02 9.575756298211012263e-01 1.504273946477289030e+02 9.248758291275570309e-02 9.956268524636295858e-01 1.316115448898718711e-02 -7.504589111442144800e-01 -9.532025704671028832e-01 9.235214288274215533e-02 -2.878816069638144848e-01 -5.948932095824989164e-01
-2.920071908990547471e-01 1.354805380366179424e-02 9.563202255445927280e-01 1.524455390191634194e+02 9.246198196937599478e-02 9.956159798486281520e-01 1.412801784013024801e-02 -7.436858689946244105e-01 -9.519361636712920793e-01 9.254875171758393526e-02 -2.919797038122549648e-01 -1.207667937118284129e+00
-2.960199608938691718e-01 1.352496746245972388e-02 9.550860593584251657e-01 1.545603870147635348e+02 9.251537871750019348e-02 9.956045685918218924e-01 1.457552830306847735e-02 -7.437854955814097169e-01 -9.506907831289371780e-01 9.267480127896432496e-02 -2.959700913654484955e-01 -1.836725865862566254e+00
-3.006867779665510221e-01 1.406801631992273503e-02 9.536192504774002598e-01 1.566844352764119890e+02 9.344298167992386162e-02 9.955149579876080290e-01 1.477754673178099075e-02 -7.416365003084007812e-01 -9.491342100947339766e-01 9.355244460544542839e-02 -3.006527409459829325e-01 -2.492544556794443533e+00
-3.040771080925736003e-01 1.503033203543659678e-02 9.525289095845580478e-01 1.588019295202236378e+02 9.350566359982727394e-02 9.955183141095877986e-01 1.414126708610764262e-02 -7.342926331084095315e-01 -9.480472992045542169e-01 9.336688891257383105e-02 -3.041197495999369282e-01 -3.147279279806794783e+00
-3.073968801749208946e-01 1.682340141964135810e-02 9.514327370361493896e-01 1.609172198083689125e+02 9.396857400429173279e-02 9.954934189612547613e-01 1.275767120868949618e-02 -7.404878147875756378e-01 -9.469302739639522404e-01 9.332645140736726963e-02 -3.075924406862790561e-01 -3.820544876067845319e+00
-3.108992714581548245e-01 1.784790984889622970e-02 9.502753373207507570e-01 1.630509517073218433e+02 9.451719772530664532e-02 9.954481438624500633e-01 1.222662929607457732e-02 -7.369900779213914843e-01 -9.457314741617759424e-01 9.361861763309071993e-02 -3.111710355480441503e-01 -4.504928821585333587e+00
-3.140910371511018706e-01 1.856541034669477105e-02 9.492113922931384451e-01 1.651534212801736601e+02 9.410982686401063446e-02 9.954934200797043164e-01 1.167001844827464212e-02 -7.408049277220114526e-01 -9.447169099923674596e-01 9.299557347278522568e-02 -3.144227467676893872e-01 -5.205198916291517541e+00
-3.176913311749620661e-01 1.860791538598875403e-02 9.480116479349152137e-01 1.673012895541982061e+02 9.383075740799680375e-02 9.955169974197048965e-01 1.190357460819264218e-02 -7.415513320855497970e-01 -9.435400821007774441e-01 9.273431888521817268e-02 -3.180131133387550935e-01 -5.887769826654111860e+00
-3.214154368605368628e-01 1.889588383359427221e-02 9.467497997084015626e-01 1.694180829331173470e+02 9.414920974376507490e-02 9.954846296966989305e-01 1.209448657894994505e-02 -7.426101915985561241e-01 -9.422462114770058239e-01 9.302310564121259173e-02 -3.217431581009145836e-01 -6.613952152014447528e+00
-3.254797942027442548e-01 1.918356520256981820e-02 9.453544387011041383e-01 1.715690749683871559e+02 9.488004635605976067e-02 9.954106396062163409e-01 1.246730110910987573e-02 -7.377701234909914696e-01 -9.407765731076642712e-01 9.375313310968369507e-02 -3.258061861125134406e-01 -7.330418907933008654e+00
-3.290490749615742616e-01 1.960265305163104432e-02 9.441094016762724417e-01 1.736935706807923907e+02 9.703762592250535224e-02 9.951937444240136488e-01 1.315706515595171933e-02 -7.419023573808283256e-01 -9.393137313223105522e-01 9.594346078970424074e-02 -3.293697743553991031e-01 -8.069547477625770071e+00
-3.314447073416594836e-01 1.949165747185242770e-02 9.432733438022574690e-01 1.758234082532680418e+02 9.829057291382053974e-02 9.950596224201347928e-01 1.397530691094130660e-02 -7.349730242859709994e-01 -9.383406896635447803e-01 9.734692472036080013e-02 -3.317230899525605015e-01 -8.796459729219916923e+00
-3.340334308791033102e-01 1.907211174714419644e-02 9.423683150673158870e-01 1.779943302509258274e+02 9.817434186423472375e-02 9.950612374073672939e-01 1.466050855496910457e-02 -7.347353370266633821e-01 -9.374344491843547011e-01 9.741349493450189578e-02 -3.342561095188361087e-01 -9.572133618508628317e+00
-3.372036927396748762e-01 1.940445052745176299e-02 9.412317760556211388e-01 1.801730215828819439e+02 9.706412940947574397e-02 9.951760038581335399e-01 1.425742874017087158e-02 -7.234036121202596092e-01 -9.364144945227932393e-01 9.616750626945425040e-02 -3.374604979606383170e-01 -1.032657614140985558e+01
-3.397087314114605183e-01 2.115767393374904173e-02 9.402927468478758932e-01 1.823249790512478228e+02 9.640482005677988853e-02 9.952645335435125196e-01 1.243451304435547709e-02 -7.243930539271209446e-01 -9.355768113201309299e-01 9.487287133993850541e-02 -3.401397522948154117e-01 -1.109376926738901759e+01
-3.431884019092756866e-01 2.249815902392668723e-02 9.389971631831025567e-01 1.844893328379546062e+02 9.548238196381188259e-02 9.953698029793481838e-01 1.104845068527956359e-02 -7.345120533496329873e-01 -9.344007262798905700e-01 9.344939144152523969e-02 -3.437475482461530563e-01 -1.187589578753314790e+01
-3.462844479826549526e-01 2.358604200854065580e-02 9.378330865677779737e-01 1.867105825799062870e+02 9.472772643652264957e-02 9.954535713735604974e-01 9.941998015119824297e-03 -7.263765630947826013e-01 -9.333346779011009176e-01 9.228156077429161552e-02 -3.469443410318974741e-01 -1.267201417131365382e+01
-3.490833759340812303e-01 2.430240841032891078e-02 9.367765517409454290e-01 1.888657202807598310e+02 9.287374327713565636e-02 9.956391865350296966e-01 8.779314200076266186e-03 -7.331201542930455561e-01 -9.324779604838546732e-01 9.006666284307299208e-02 -3.498181425315150528e-01 -1.347366229843753693e+01
